Size: [3, 4]

Probabilities: [0.8, 0.1, 0.1, 0.0]

Discount_rate: 1.0

Epsilon: 0.001

Board:
-0.04 -0.04 -0.04 1.0
-0.04 X -0.04 -1.0
-0.04 -0.04 -0.04 -0.04

--------------------------VALUE ITERATION----------------------

Iteration: 0
0.000000000000 0.000000000000 0.000000000000 0.000000000000 
0.000000000000 -------------- 0.000000000000 0.000000000000 
0.000000000000 0.000000000000 0.000000000000 0.000000000000 

Iteration: 1
-0.040000000000 -0.040000000000 0.792000000000 1.000000000000 
-0.040000000000 -------------- -0.040000000000 -1.000000000000 
-0.040000000000 -0.040000000000 -0.040000000000 -0.040000000000 

Iteration: 2
-0.080000000000 0.585600000000 0.867200000000 1.000000000000 
-0.080000000000 -------------- 0.493600000000 -1.000000000000 
-0.080000000000 -0.080000000000 -0.080000000000 -0.080000000000 

Iteration: 3
0.412480000000 0.770880000000 0.928080000000 1.000000000000 
-0.120000000000 -------------- 0.607120000000 -1.000000000000 
-0.120000000000 -0.120000000000 0.338880000000 -0.120000000000 

Iteration: 4
0.605952000000 0.856640000000 0.945520000000 1.000000000000 
0.265984000000 -------------- 0.667176000000 -1.000000000000 
-0.160000000000 0.207104000000 0.421696000000 0.123104000000 

Iteration: 5
0.732505600000 0.887744000000 0.953269600000 1.000000000000 
0.497958400000 -------------- 0.687133600000 -1.000000000000 
0.177497600000 0.338777600000 0.526761600000 0.213667200000 

Iteration: 6
0.793241600000 0.900164480000 0.956040320000 1.000000000000 
0.645596160000 -------------- 0.695329040000 -1.000000000000 
0.409994240000 0.449164800000 0.564951360000 0.306776000000 

Iteration: 7
0.824015360000 0.904865152000 0.957136936000 1.000000000000 
0.723712512000 -------------- 0.698365160000 -1.000000000000 
0.562392832000 0.501794048000 0.591857312000 0.346638688000 

Iteration: 8
0.838664908800 0.906682579200 0.957550209600 1.000000000000 
0.763954790400 -------------- 0.699546064800 -1.000000000000 
0.645388697600 0.533844659200 0.603535401600 0.372149718400 

Iteration: 9
0.845608033280 0.907376683520 0.957709627440 1.000000000000 
0.783722885120 -------------- 0.699994774160 -1.000000000000 
0.689087168000 0.583079889920 0.610236289600 0.384043293120 

Iteration: 10
0.848834438656 0.907643038656 0.957770440160 1.000000000000 
0.793231003648 -------------- 0.700167179368 -1.000000000000 
0.714195013888 0.627885712384 0.616708137632 0.390593360992 

Iteration: 11
0.850320975155 0.907744959859 0.957793761953 1.000000000000 
0.797713751654 -------------- 0.700233070065 -1.000000000000 
0.728792875546 0.656933153587 0.621981650832 0.396425846205 

Iteration: 12
0.850999440568 0.907784001534 0.957802683202 1.000000000000 
0.799799530455 -------------- 0.700258316569 -1.000000000000 
0.736743604237 0.674420931154 0.625522356031 0.401227905286 

Iteration: 13
0.851307098330 0.907798946868 0.957806099977 1.000000000000 
0.800759458546 -------------- 0.700267978218 -1.000000000000 
0.740956077903 0.684279069620 0.632114812183 0.404540675353 

Iteration: 14
0.851445813182 0.907804669355 0.957807407820 1.000000000000 
0.801197570373 -------------- 0.700271677803 -1.000000000000 
0.743131081589 0.689620676247 0.640661534736 0.410145917282 

Iteration: 15
0.851508073840 0.907806860127 0.957807908562 1.000000000000 
0.801396164620 -------------- 0.700273094036 -1.000000000000 
0.744233232082 0.692429000520 0.645789862251 0.417543819517 

Iteration: 16
0.851535911947 0.907807698875 0.957808100260 1.000000000000 
0.801485691996 -------------- 0.700273636253 -1.000000000000 
0.744783154956 0.693872385770 0.648549496045 0.422386271753 

Iteration: 17
0.851548319494 0.907808019983 0.957808173651 1.000000000000 
0.801525867957 -------------- 0.700273843833 -1.000000000000 
0.745054107669 0.694601001119 0.649980221845 0.425078224011 

Iteration: 18
0.851553834731 0.907808142918 0.957808201748 1.000000000000 
0.801543829187 -------------- 0.700273923304 -1.000000000000 
0.745186205244 0.694963486359 0.650706207463 0.426491999877 

Iteration: 19
0.851556280726 0.907808189982 0.957808212505 1.000000000000 
0.801551833623 -------------- 0.700273953729 -1.000000000000 
0.745250032510 0.695141661467 0.651068802164 0.427214165958 

Iteration: 20
0.851557363421 0.907808208001 0.957808216623 1.000000000000 
0.801555391305 -------------- 0.700273965377 -1.000000000000 
0.745280636296 0.695228358301 0.651247604763 0.427576458327 

Iteration: 21
0.851557841873 0.907808214899 0.957808218200 1.000000000000 
0.801556968998 -------------- 0.700273969836 -1.000000000000 
0.745295212504 0.695270180697 0.651334843655 0.427755729643 

Iteration: 22
0.851558053006 0.907808217540 0.957808218804 1.000000000000 
0.801557667298 -------------- 0.700273971544 -1.000000000000 
0.745302114518 0.695290206143 0.651377025907 0.427843447888 

Iteration: 23
0.851558146062 0.907808218551 0.957808219035 1.000000000000 
0.801557975865 -------------- 0.700273972197 -1.000000000000 
0.745305365905 0.695299732843 0.651397264659 0.427885965514 

Iteration: 24
0.851558187033 0.907808218938 0.957808219123 1.000000000000 
0.801558112023 -------------- 0.700273972448 -1.000000000000 
0.745306890566 0.695304239292 0.651406909960 0.427906408279 

Iteration: 25
0.851558205056 0.907808219086 0.957808219157 1.000000000000 
0.801558172031 -------------- 0.700273972543 -1.000000000000 
0.745307602604 0.695306360312 0.651411479675 0.427916168796 

Iteration: 26
0.851558212978 0.907808219143 0.957808219170 1.000000000000 
0.801558198451 -------------- 0.700273972580 -1.000000000000 
0.745307933917 0.695307354146 0.651413633471 0.427920800619 

Iteration: 27
0.851558216457 0.907808219165 0.957808219175 1.000000000000 
0.801558210072 -------------- 0.700273972594 -1.000000000000 
0.745308087567 0.695307817962 0.651414643922 0.427922986839 

Iteration: 28
0.851558217985 0.907808219173 0.957808219177 1.000000000000 
0.801558215180 -------------- 0.700273972599 -1.000000000000 
0.745308158611 0.695308033646 0.651415116021 0.427924013821 

Iteration: 29
0.851558218655 0.907808219176 0.957808219178 1.000000000000 
0.801558217424 -------------- 0.700273972601 -1.000000000000 
0.745308191370 0.695308133618 0.651415335779 0.427924494199 

Iteration: 30
0.851558218949 0.907808219177 0.957808219178 1.000000000000 
0.801558218409 -------------- 0.700273972602 -1.000000000000 
0.745308206438 0.695308179819 0.651415437732 0.427924718043 

Iteration: 31
0.851558219078 0.907808219178 0.957808219178 1.000000000000 
0.801558218841 -------------- 0.700273972603 -1.000000000000 
0.745308213353 0.695308201114 0.651415484889 0.427924821990 

Iteration: 32
0.851558219134 0.907808219178 0.957808219178 1.000000000000 
0.801558219030 -------------- 0.700273972603 -1.000000000000 
0.745308216519 0.695308210905 0.651415506640 0.427924870110 

Iteration: 33
0.851558219159 0.907808219178 0.957808219178 1.000000000000 
0.801558219113 -------------- 0.700273972603 -1.000000000000 
0.745308217967 0.695308215396 0.651415516648 0.427924892323 

Iteration: 34
0.851558219170 0.907808219178 0.957808219178 1.000000000000 
0.801558219150 -------------- 0.700273972603 -1.000000000000 
0.745308218627 0.695308217453 0.651415521242 0.427924902551 

Iteration: 35
0.851558219174 0.907808219178 0.957808219178 1.000000000000 
0.801558219166 -------------- 0.700273972603 -1.000000000000 
0.745308218928 0.695308218392 0.651415523347 0.427924907249 

Iteration: 36
0.851558219176 0.907808219178 0.957808219178 1.000000000000 
0.801558219173 -------------- 0.700273972603 -1.000000000000 
0.745308219065 0.695308218821 0.651415524309 0.427924909402 

Iteration: 37
0.851558219177 0.907808219178 0.957808219178 1.000000000000 
0.801558219176 -------------- 0.700273972603 -1.000000000000 
0.745308219127 0.695308219016 0.651415524748 0.427924910387 

Iteration: 38
0.851558219178 0.907808219178 0.957808219178 1.000000000000 
0.801558219177 -------------- 0.700273972603 -1.000000000000 
0.745308219155 0.695308219104 0.651415524948 0.427924910837 

Iteration: 39
0.851558219178 0.907808219178 0.957808219178 1.000000000000 
0.801558219178 -------------- 0.700273972603 -1.000000000000 
0.745308219168 0.695308219145 0.651415525039 0.427924911042 

Iteration: 40
0.851558219178 0.907808219178 0.957808219178 1.000000000000 
0.801558219178 -------------- 0.700273972603 -1.000000000000 
0.745308219173 0.695308219163 0.651415525080 0.427924911135 

Iteration: 41
0.851558219178 0.907808219178 0.957808219178 1.000000000000 
0.801558219178 -------------- 0.700273972603 -1.000000000000 
0.745308219176 0.695308219171 0.651415525099 0.427924911177 

Iteration: 42
0.851558219178 0.907808219178 0.957808219178 1.000000000000 
0.801558219178 -------------- 0.700273972603 -1.000000000000 
0.745308219177 0.695308219175 0.651415525107 0.427924911197 

Iteration: 43
0.851558219178 0.907808219178 0.957808219178 1.000000000000 
0.801558219178 -------------- 0.700273972603 -1.000000000000 
0.745308219178 0.695308219177 0.651415525111 0.427924911205 

Iteration: 44
0.851558219178 0.907808219178 0.957808219178 1.000000000000 
0.801558219178 -------------- 0.700273972603 -1.000000000000 
0.745308219178 0.695308219177 0.651415525113 0.427924911209 

Iteration: 45
0.851558219178 0.907808219178 0.957808219178 1.000000000000 
0.801558219178 -------------- 0.700273972603 -1.000000000000 
0.745308219178 0.695308219178 0.651415525114 0.427924911211 

Iteration: 46
0.851558219178 0.907808219178 0.957808219178 1.000000000000 
0.801558219178 -------------- 0.700273972603 -1.000000000000 
0.745308219178 0.695308219178 0.651415525114 0.427924911212 

Iteration: 47
0.851558219178 0.907808219178 0.957808219178 1.000000000000 
0.801558219178 -------------- 0.700273972603 -1.000000000000 
0.745308219178 0.695308219178 0.651415525114 0.427924911212 

Iteration: 48
0.851558219178 0.907808219178 0.957808219178 1.000000000000 
0.801558219178 -------------- 0.700273972603 -1.000000000000 
0.745308219178 0.695308219178 0.651415525114 0.427924911212 

Iteration: 49
0.851558219178 0.907808219178 0.957808219178 1.000000000000 
0.801558219178 -------------- 0.700273972603 -1.000000000000 
0.745308219178 0.695308219178 0.651415525114 0.427924911213 

Iteration: 50
0.851558219178 0.907808219178 0.957808219178 1.000000000000 
0.801558219178 -------------- 0.700273972603 -1.000000000000 
0.745308219178 0.695308219178 0.651415525114 0.427924911213 

Iteration: 51
0.851558219178 0.907808219178 0.957808219178 1.000000000000 
0.801558219178 -------------- 0.700273972603 -1.000000000000 
0.745308219178 0.695308219178 0.651415525114 0.427924911213 

Iteration: 52
0.851558219178 0.907808219178 0.957808219178 1.000000000000 
0.801558219178 -------------- 0.700273972603 -1.000000000000 
0.745308219178 0.695308219178 0.651415525114 0.427924911213 

Iteration: 53
0.851558219178 0.907808219178 0.957808219178 1.000000000000 
0.801558219178 -------------- 0.700273972603 -1.000000000000 
0.745308219178 0.695308219178 0.651415525114 0.427924911213 

Iteration: 54
0.851558219178 0.907808219178 0.957808219178 1.000000000000 
0.801558219178 -------------- 0.700273972603 -1.000000000000 
0.745308219178 0.695308219178 0.651415525114 0.427924911213 

Iteration: 55
0.851558219178 0.907808219178 0.957808219178 1.000000000000 
0.801558219178 -------------- 0.700273972603 -1.000000000000 
0.745308219178 0.695308219178 0.651415525114 0.427924911213 

Iteration: 56
0.851558219178 0.907808219178 0.957808219178 1.000000000000 
0.801558219178 -------------- 0.700273972603 -1.000000000000 
0.745308219178 0.695308219178 0.651415525114 0.427924911213 

Iteration: 57
0.851558219178 0.907808219178 0.957808219178 1.000000000000 
0.801558219178 -------------- 0.700273972603 -1.000000000000 
0.745308219178 0.695308219178 0.651415525114 0.427924911213 

Utilities after final convergence:
0.851558219178 0.907808219178 0.957808219178 1.000000000000 
0.801558219178 -------------- 0.700273972603 -1.000000000000 
0.745308219178 0.695308219178 0.651415525114 0.427924911213 

Optimal Policy for Value iteration:
R R R T
U - U T
U L L L

----------------------MODIFIED POLICY ITERATION--------------

Optimal Policy for Modified Policy iteration:
R R R T
U - U T
U L L L

